0 0.0 0.0 net 0.5 0.5
1 0.0 0.0 net 0.9124400251293417 0.08755997487065804
2 0.125 0.48541666666666666 net 0.5116824126233618 0.4883175873766366
3 0.0 0.0 net 0.7760194605869618 0.22398053941303822
4 -0.5 1.0 neg 0.4843972670576821 0.5156027329423182
5 -0.13333333333333333 0.16666666666666666 net 0.201312657367361 0.7986873426326389
6 0.10277777777777779 0.6555555555555556 net 0.18927484873671033 0.8107251512632911
7 0.0 0.0 net 0.9569118650422417 0.04308813495775798
8 0.7 0.6000000000000001 pos 0.6553441429293018 0.3446558570706988
9 -0.1666666666666667 0.6523809523809524 net 0.9099357569964526 0.0900642430035478
10 0.0 0.0 net 0.6707339845468205 0.32926601545317896
11 -0.05 0.4 net 0.3953158267365841 0.6046841732634156
12 -0.2 0.0 net 0.8481922282335246 0.15180777176647375
13 0.1777777777777778 0.37777777777777777 net 0.9531939933623648 0.04680600663763939
14 0.0 0.0 net 0.47301057979563516 0.5269894202043653
15 0.0 0.0625 net 0.5168530283612881 0.4831469716387121
16 0.4 0.5 pos 0.6048573401221587 0.3951426598778418
17 0.21428571428571427 0.42857142857142855 net 0.7971032908608248 0.20289670913917646
18 -0.27499999999999997 1.0 net 0.1858558770947526 0.8141441229052474
19 0.0 0.0 net 0.5832203554173132 0.4167796445826864
20 -0.007142857142857141 0.41428571428571426 net 0.9997114830737852 0.00028851692621515096
21 -0.075 0.22499999999999998 net 0.8067616346206671 0.19323836537933267
22 0.0 0.0 net 0.9462400399921573 0.05375996000784138
23 0.125 0.6666666666666666 net 0.234854699403262 0.7651453005967366
24 0.0 0.0 net 0.10744395857988465 0.8925560414201159
25 0.35 0.35 pos 0.9294436743976718 0.07055632560232689
26 -0.14999999999999997 0.75 net 0.9765414138225523 0.023458586177450974
27 -0.24999999999999997 0.6 net 0.9909038414170505 0.009096158582957946
28 0.0 0.0 net 0.781350921978838 0.21864907802116243
29 0.1 0.8 net 0.1925092611070223 0.8074907388929761
30 0.0 1.0 net 0.4348176370726875 0.5651823629273115
31 0.0 0.0 net 0.9115819835810952 0.08841801641890368
32 -0.27499999999999997 0.19791666666666666 net 0.7071530402628421 0.2928469597371564
33 -0.0625 0.6875 net 0.9736482694916978 0.026351730508303434
34 0.0 0.0 net 0.6237885230327652 0.37621147696723356
35 0.0 0.0 net 0.9887506744023937 0.011249325597605657
36 0.0 0.0 net 0.8881917839298326 0.11180821607016711
37 0.1 0.45 net 0.1794039597498919 0.820596040250109
38 0.6 1.0 pos 0.9298164390712492 0.07018356092875486
39 0.0 0.0 net 0.3645964052490674 0.635403594750932
40 -0.08125 0.3875 net 0.9345043931342496 0.06549560686574944
41 0.5 0.625 pos 0.736335042924079 0.26366495707591897
42 -0.17500000000000002 0.875 net 0.8942968312321737 0.10570316876782665
43 0.2 0.30000000000000004 net 0.7678548965788041 0.23214510342119626
44 -0.125 0.5958333333333333 net 0.9279757052078598 0.07202429479213689
45 -0.4 0.6 neg 0.3406783666730837 0.6593216333269145
46 0.0 0.0 net 0.48317649144335806 0.5168235085566423
47 0.0 0.0 net 0.8220846260286144 0.1779153739713843
48 -0.3333333333333333 0.6 pos 0.991385191518381 0.008614808481617588
49 0.0 0.0 net 0.2873439940731503 0.7126560059268517
50 0.0 0.0 net 0.9140808374499547 0.08591916255004481
51 0.4 0.8 pos 0.9925416881908679 0.007458311809132266
52 0.0 0.0 net 0.8814259599744384 0.11857404002556417
53 0.06785714285714285 0.35267857142857145 net 0.9995555245648431 0.00044447543516409026
54 0.03134920634920634 0.42698412698412697 net 0.9999893721070614 1.0627892946155182e-05
55 -0.2 0.4 net 0.9380128555798661 0.0619871444201309
56 -0.008333333333333331 0.2583333333333333 net 0.003729921317408818 0.9962700786825939
57 -0.5 0.9 neg 0.40641604762922096 0.5935839523707792
58 0.0 0.0 net 0.8458120218063485 0.1541879781936521
59 0.2 0.1 net 0.7188179682003837 0.28118203179961415
60 0.8 1.0 pos 0.5941540945528156 0.4058459054471847
61 0.0 0.0 net 0.23312519986619995 0.7668748001338
62 0.0 0.0 net 0.5159478209609893 0.4840521790390107
63 0.0 0.0 net 0.9762148918378621 0.023785108162136265
64 0.0 0.0 net 0.5357142857142856 0.4642857142857146
65 0.0 0.0 net 0.9648578347383877 0.03514216526161214
66 -0.8 0.9 pos 0.523148148148148 0.4768518518518517
67 0.11481481481481481 0.262962962962963 net 0.029747097076085426 0.9702529029239182
68 0.0 0.0 net 0.10907925381389418 0.890920746186105
69 0.0 0.0 net 0.3363893321334964 0.6636106678665026
70 0.0 0.0 net 0.34993396051525444 0.6500660394847454
71 0.0 0.95 net 0.9557521061270847 0.04424789387291582
72 0.0 0.0 net 0.5566559033725791 0.4433440966274211
73 0.0 0.3 net 0.7041906392457672 0.29580936075423603
74 0.033333333333333326 0.46666666666666673 net 0.9998376607179065 0.0001623392820887798
75 0.0 0.0 net 0.948033837522865 0.051966162477132295
76 0.0 0.0 net 0.6428668802399292 0.3571331197600711
77 0.0 0.0 net 0.9662872362864814 0.03371276371351667
78 -0.20833333333333334 0.625 net 0.4457067567436668 0.5542932432563326
79 0.125 0.26666666666666666 net 0.9152925571103205 0.08470744288967973
80 0.0 0.0 net 0.8040276549314745 0.19597234506852568
81 0.0 0.0 net 0.759654471544715 0.2403455284552847
82 -0.5 1.0 neg 0.2835930210901237 0.7164069789098768
83 0.19375 0.34652777777777777 net 0.0664406881363301 0.9335593118636689
84 0.27499999999999997 0.475 net 0.9780206426371543 0.02197935736284371
85 0.6 0.4 pos 0.9345408500214821 0.06545914997851962
86 0.0 1.0 net 0.7980247055659972 0.20197529443400322
87 0.04999999999999999 0.55 net 0.9996508840622307 0.00034911593777088015
88 0.0 0.0 net 0.4476058777947409 0.5523941222052595
89 0.0 0.125 net 0.5873514115331374 0.4126485884668618
90 0.6 0.9 pos 0.9788090725948739 0.021190927405124422
91 0.0 0.0 net 0.483644859813084 0.5163551401869159
92 0.2 0.775 net 0.7323291260624103 0.2676708739375907
93 0.39166666666666666 0.6916666666666668 pos 0.590153289948339 0.40984671005165935
94 0.0 0.0 net 0.6421585090272903 0.3578414909727099
95 0.0 0.0 net 0.9819757568565253 0.01802424314347639
96 0.8 0.9 pos 0.8744958745241697 0.12550412547583106
97 0.1481818181818182 0.4972727272727272 net 0.6750479481467139 0.3249520518532855
98 0.0 0.0 net 0.290511569985146 0.7094884300148517
99 0.0 0.0 net 0.5191128787927625 0.48088712120723803
100 0.0 0.0 net 0.6203217702703354 0.37967822972966503
101 -0.375 0.625 neg 0.254440584412475 0.7455594155875235
102 0.0 0.0 net 0.5162578743079649 0.48374212569203606
103 0.26 0.4699999999999999 net 0.7955700517649444 0.20442994823505511
104 -0.5 1.0 neg 0.16738204808536125 0.8326179519146383
105 0.0 0.0 net 0.6009137571492226 0.3990862428507787
106 -0.06666666666666667 0.13333333333333333 net 0.5831833011123512 0.4168166988876496
107 0.0730952380952381 0.30785714285714294 net 0.9999998962754408 1.0372456689068921e-07
108 -0.0625 0.5979166666666667 net 0.9996219064123759 0.0003780935876199659
109 0.0 0.0 net 0.3688195103817619 0.6311804896182378
110 0.0 0.0 net 0.4166666666666665 0.5833333333333333
111 0.0 0.0 net 0.742613324950937 0.2573866750490641
112 0.26249999999999996 0.4625 net 0.9882862375968564 0.011713762403143943
113 0.0 0.0 net 0.9440008980829868 0.055999101917013405
114 0.0 0.0 net 0.653726708074534 0.346273291925466
115 -0.2125 0.5125 net 0.15436426221514563 0.8456357377848531
116 0.011111111111111112 0.35555555555555557 net 0.9998908591409493 0.00010914085904245921
117 -0.43333333333333335 0.8666666666666667 pos 0.72025403588466 0.27974596411534103
118 0.1 0.4 net 0.9132755893710435 0.08672441062895707
119 0.0 0.5 net 0.6423268120308429 0.35767318796915765
120 0.13636363636363635 0.45454545454545453 net 0.7526526950959498 0.24734730490405038
121 0.0 0.0 net 0.5214747909619887 0.4785252090380118
122 0.5 0.75 pos 0.9938654658183942 0.006134534181605868
123 0.0 0.0 net 0.1940090014060241 0.8059909985939753
124 0.0 0.0 net 0.6321558605820002 0.3678441394180013
125 0.0 0.0 net 0.8088800627259161 0.19111993727408438
126 0.0 0.5 net 0.5607025472473292 0.4392974527526709
127 -0.140625 0.5520833333333334 net 0.7974716458851675 0.20252835411483225
128 0.2438095238095238 0.537142857142857 net 0.32048660676885504 0.6795133932311438
129 0.5 0.7 pos 0.9972643133100122 0.0027356866899890518
130 0.0 0.0 net 0.8897404409481765 0.11025955905182555
131 0.0 0.0 net 0.8081184395476636 0.19188156045233665
132 0.05000000000000001 0.24166666666666664 net 0.5059249071527439 0.4940750928472566
133 0.0 0.0 net 0.9673302934508224 0.03266970654917765
134 1.0 0.3 pos 0.6244328534035828 0.37556714659641677
135 0.0 0.0 net 0.2873439940731503 0.7126560059268517
136 0.25 0.25 net 0.9303610435708227 0.0696389564291786
137 1.0 0.3 neg 0.10769500539724501 0.8923049946027546
138 0.0 0.1 net 0.5460507466672224 0.453949253332778
139 0.7 0.6000000000000001 pos 0.8582228734998482 0.1417771265001509
140 0.5 0.5 neg 0.37066197091325587 0.6293380290867447
141 -0.26666666666666666 0.43333333333333335 net 0.06371278061361575 0.9362872193863804
142 0.0625 0.5 net 0.3897218246511569 0.6102781753488437
143 0.0 0.0 net 0.9959234632802153 0.004076536719781132
144 0.7 0.6000000000000001 pos 0.7681321790454886 0.23186782095451208
145 0.18125 0.56875 net 0.39871627532781084 0.6012837246721887
146 -0.041666666666666664 0.17083333333333334 net 0.3947056434556074 0.6052943565443887
147 0.7 0.6000000000000001 pos 0.5340601001248411 0.4659398998751587
148 0.0 0.06666666666666667 net 0.5689791586877182 0.4310208413122817
149 0.375 0.6 pos 0.9484251747690104 0.05157482523099045
150 -0.24999999999999997 0.575 net 0.9407558007655555 0.05924419923445223
151 0.0 0.0 net 0.11802915276635866 0.8819708472336392
152 0.0 0.0 net 0.5471990768688222 0.4528009231311756
153 0.0 0.0 net 0.9011213258421811 0.0988786741578182
154 0.25 0.25 net 0.6233622172219747 0.37663778277802473
155 0.0 1.0 net 0.9161570754614035 0.0838429245385962
156 0.13333333333333333 0.5666666666666667 net 0.9760017657045793 0.023998234295419852
157 -0.125 0.375 net 0.2782168309148113 0.721783169085189
158 0.0 0.0 net 0.6641232218039965 0.3358767781960043
159 0.0 0.0 net 0.731113984896032 0.2688860151039677
160 0.02343749999999999 0.4713541666666667 net 0.9996321508287185 0.0003678491712719376
161 0.0625 0.3125 net 0.7357479261109748 0.2642520738890233
162 0.0 0.0 net 0.5357142857142856 0.4642857142857146
163 0.2 0.4 net 0.8686384095881086 0.13136159041188902
164 -0.4 0.7 pos 0.9998514048944707 0.00014859510553159397
165 0.0 0.0 net 0.9053006323947249 0.09469936760527609
166 0.0 0.0 net 0.0561061873571645 0.9438938126428355
167 -0.033333333333333326 0.26666666666666666 net 0.7707498440780316 0.22925015592196468
168 0.26666666666666666 0.3666666666666667 net 0.6321731375546064 0.3678268624453949
169 -0.10208333333333333 0.47916666666666663 net 0.9122094506669475 0.08779054933305372
170 0.39999999999999997 0.6333333333333334 pos 0.5346450284487383 0.46535497155126143
171 0.033333333333333326 0.03333333333333333 net 0.19567161617576587 0.8043283838242382
172 -0.5 0.5 pos 0.6252322946115352 0.3747677053884663
173 0.1 1.0 net 0.517929710727699 0.48207028927230033
174 0.33333333333333337 0.34 pos 0.9280896380600894 0.07191036193990957
175 0.0 0.0 net 0.35800604229607236 0.6419939577039285
176 0.06022727272727272 0.45 net 0.8669894777817846 0.1330105222182171
177 0.0 0.0 net 0.5 0.5
178 0.0 0.0 net 0.8076923076923082 0.1923076923076924
179 0.0 0.0 net 0.2961436422209585 0.7038563577790408
180 -1.0 1.0 neg 0.4004704122679814 0.5995295877320216
181 1.0 0.3 pos 0.7575756665346518 0.2424243334653489
182 0.0 0.0 net 0.913970593356932 0.08602940664306716
183 0.1 0.15 net 0.9646307109423745 0.0353692890576247
184 -0.3125 0.6875 net 0.699625541909839 0.30037445809016083
185 0.5 0.5 pos 0.8658461689560427 0.13415383104395676
186 -0.125 0.375 net 0.7724468565903213 0.22755314340967767
187 0.0 0.0 net 0.5247576319773049 0.4752423680226949
188 -0.5 0.2 pos 0.5911748737339494 0.4088251262660519
189 0.0 0.0 net 0.6429224166609363 0.35707758333906364
190 0.0 0.0 net 0.8699719815786955 0.1300280184213068
191 0.35714285714285715 0.5714285714285714 neg 0.4375215446374639 0.5624784553625354
192 0.0 0.0 net 0.4580436517696965 0.541956348230303
193 0.21103896103896103 0.5178571428571428 net 0.7465308865783682 0.2534691134216294
194 0.0 0.0 net 0.48663474063968004 0.5133652593603201
195 -0.2 0.0 net 0.028736364791107992 0.9712636352088917
196 0.0 0.0 net 0.7957766034747445 0.20422339652525787
197 0.5 0.5 pos 0.5729276277937138 0.4270723722062876
198 0.0 0.05 net 0.795707584997061 0.2042924150029382
199 0.13636363636363635 0.5 net 0.9929822442289117 0.00701775577108712
200 0.0 0.0 net 0.9922632061241992 0.007736793875801112
201 -0.14583333333333334 0.30416666666666664 net 0.9049797384455225 0.09502026155447685
202 0.0 0.0 net 0.5086234102513243 0.4913765897486755
203 0.0 0.0 net 0.4773429454170957 0.5226570545829042
204 0.19999999999999998 0.6577777777777778 net 0.7045878699837045 0.29541213001629374
205 0.5 0.5 neg 0.4759585563137371 0.5240414436862636
206 -0.025 0.35 net 0.40460486943780016 0.5953951305622001
207 0.05 0.1125 net 0.4103876390931266 0.5896123609068717
208 0.0 0.0 net 0.3769281813222989 0.6230718186777011
209 0.07878787878787878 0.5181818181818182 net 0.49080113091376604 0.5091988690862345
210 0.10200000000000001 0.5046666666666666 net 0.9886149692674474 0.011385030732547666
211 0.0 0.0 net 0.718829682836145 0.28117031716385543
212 -0.14027777777777778 0.3319444444444445 net 0.43823056338861893 0.5617694366113817
213 0.20000000000000004 0.3 net 0.3772638507312419 0.6227361492687589
214 0.2 0.2 net 0.6731745594533296 0.3268254405466688
215 0.0 0.0 net 0.5781760421610713 0.4218239578389287
216 -0.39999999999999997 0.55 neg 0.30075271402030906 0.6992472859796925
217 -0.059722222222222225 0.5041666666666667 net 0.986068105998835 0.013931894001168997
218 0.21212121212121213 0.5333333333333333 net 0.9927917228853824 0.0072082771146132546
219 0.125 0.75 net 0.8335318780814914 0.16646812191850893
220 0.0 0.0 net 0.9813904494382029 0.01860955056179769
221 -0.05 0.9 net 0.8881052244274096 0.11189477557258999
222 0.45 0.669047619047619 pos 0.9816912087201668 0.018308791279834955
223 0.0 0.0 net 0.07806324110671932 0.9219367588932809
224 0.0 0.0 net 0.879966978705459 0.12003302129454019
225 0.0 0.35714285714285715 net 0.6958046427323948 0.304195357267606
226 0.0 0.0 net 0.8715318736233821 0.12846812637661761
227 0.18686868686868688 0.40404040404040403 net 0.6601001641048138 0.3398998358951872
228 0.25 0.5 net 0.007184379551180307 0.9928156204488198
229 0.0 0.0 net 0.9898117526194333 0.01018824738056537
230 -0.016666666666666653 0.6999999999999998 net 0.7058879509036842 0.2941120490963178
231 0.25 0.3333333333333333 net 0.11482661638636914 0.8851733836136302
232 0.5 0.5 pos 0.7101532325522616 0.2898467674477384
233 0.0 0.0 net 0.7102456857276415 0.28975431427235815
234 -0.08055555555555555 0.3666666666666667 net 0.9999972953340583 2.7046659397231077e-06
235 0.15555555555555559 0.6888888888888888 net 0.3613790733937679 0.6386209266062323
236 -0.9 0.5071428571428571 neg 0.47405233079928916 0.5259476692007103
237 0.0 0.0 net 0.6393405350244281 0.3606594649755727
238 0.2 0.55 net 0.7097624353803441 0.29023756461965544
239 0.35 0.55 pos 0.8238700796115215 0.1761299203884791
240 0.5 0.5 pos 0.5744762447488709 0.42552375525112823
241 0.03333333333333333 0.19999999999999998 net 0.7301357061325686 0.2698642938674319
242 0.275 0.325 net 0.7156898770844015 0.2843101229155985
243 0.0 0.0 net 0.6621852281250199 0.33781477187498077
244 0.0 0.0 net 0.6443378451958418 0.3556621548041577
245 -0.04999999999999999 0.75 net 0.8004325283641874 0.19956747163581393
246 0.0 0.0 net 0.8579201934703737 0.14207980652962485
247 0.0 0.0 net 0.5401215568248341 0.4598784431751676
248 0.8 0.75 pos 0.6458546630979113 0.3541453369020884
249 0.2 0.2 net 0.9157659345542123 0.08423406544578552
250 0.4 0.7 pos 0.9839030380226784 0.01609696197732393
251 0.1375 0.4875 net 0.25879198821717414 0.7412080117828255
252 0.14 0.4000000000000001 net 0.9387912692628397 0.06120873073716126
253 0.0 0.0 net 0.07272466193786267 0.9272753380621375
254 0.0 0.0 net 0.22368421052631593 0.7763157894736841
255 0.3 1.0 net 0.7325481436287941 0.26745185637120894
256 0.15000000000000002 0.25 net 0.8950865609718849 0.10491343902811774
257 -0.25 0.25 net 0.9610652252653582 0.038934774734641873
258 0.0 0.0 net 0.8956711270295689 0.10432887297043093
